#Array_Size Lua_Local SGX_Local_E2E SGX_Local_INIT SGX_LOCAL_EXEC LUA_R_E2E LUA_R_NW LUA_R_INIT LUA_R_EXEC SGX_R_E2E SGX_R_NW SGX_R_INIT SGX_R_EXEC
1024 0.0636 0.3532 0.0863 0.263 0.0722 0 0 0.0636 0.2616 0 0 0.2485
2048 0.0629 0.3547 0.0873 0.2631 0.0716 0 0 0.0629 0.2623 0 0 0.249
4096 0.0641 0.3544 0.0875 0.263 0.0725 0 0 0.0641 0.2591 0 0 0.2462
8192 0.0626 0.3562 0.088 0.2642 0.0713 0 0 0.0626 0.2601 0 0 0.247
16384 0.0633 0.3575 0.0884 0.2652 0.072 0 0 0.0633 0.2613 0 0 0.2487
32768 0.0641 0.3624 0.089 0.2691 0.0726 0 0 0.0641 0.2663 0 0 0.2533
65536 0.0653 0.3652 0.0895 0.2713 0.0743 0 0 0.0653 0.2695 0 0 0.2566
131072 0.069 0.3727 0.09 0.2789 0.0774 0 0 0.069 0.2763 0 0 0.2634
262144 0.0749 0.3847 0.0904 0.2904 0.0838 0 0 0.0749 0.291 0 0 0.2781
524288 0.1013 0.4161 0.0905 0.3215 0.1099 0 0 0.1013 0.3211 0 0 0.3079
1048576 0.1308 0.4514 0.0909 0.356 0.1395 0 0 0.1308 0.3532 0 0 0.3404
2097152 0.1663 0.4903 0.0916 0.3947 0.175 0 0 0.1663 0.3915 0 0 0.3782
4194304 0.2136 0.5406 0.0935 0.443 0.2225 0 0 0.2136 0.4425 0 0 0.4295
