#Print_NUM  Lua_Local  SGX_Local_E2E  SGX_Local_INIT  SGX_LOCAL_EXEC  LUA_R_E2E  LUA_R_NW  LUA_R_INIT  LUA_R_EXEC  SGX_R_E2E  SGX_R_NW  SGX_R_INIT  SGX_R_EXEC
64          0.1216     5.2042         0.7324          4.4868          0.1316     0         0.732       0.1216      4.8236     0         0           4.8138
128         0.078      2.9794         0.7318          2.2638          0.0884     0         0.753       0.078       2.478      0         0           2.4684
256         0.0596     1.9044         0.7292          1.1924          0.0698     0         0.728       0.0596      1.357      0         0           1.347
512         0.0446     1.3452         0.7266          0.6354          0.0546     0         0.73        0.0446      0.755      0         0           0.7454
1024        0.0386     1.0782         0.738           0.3576          0.0492     0         0.724       0.0386      0.4554     0         0           0.446
2048        0.0364     0.9314         0.7292          0.2188          0.0468     0         0.775       0.0364      0.3098     0         0           0.3
4096        0.0336     0.8726         0.741           0.1486          0.0436     0         0.73        0.0336      0.2318     0         0           0.2222
8192        0.031      0.8342         0.7404          0.1112          0.0412     0         0.731       0.031       0.195      0         0           0.1842
16384       0.0316     0.819          0.7418          0.0944          0.0416     0         0.728       0.0316      0.1766     0         0           0.167
32768       0.031      0.7962         0.729           0.084           0.041      0         0.73        0.031       0.1652     0         0           0.1552
65536       0.0302     0.7964         0.734           0.0792          0.0398     0         0.728       0.0302      0.1598     0         0           0.15
131072      0.0304     0.792          0.7312          0.0778          0.0404     0         0.729       0.0304      0.1586     0         0           0.1484
262144      0.029      0.8056         0.7396          0.0812          0.0392     0         0.726       0.029       0.1532     0         0           0.1434
524288      0.0274     0.8238         0.7576          0.083           0.0382     0         0.729       0.0274      0.152      0         0           0.1418
1048576     0.0286     0.8198         0.7422          0.094           0.039      0         0.727       0.0286      0.1622     0         0           0.152
2097152     0.0328     0.8292         0.7362          0.1094          0.052      0         0.785       0.0328      0.1768     0         0           0.1668
4194304     0.0336     0.8768         0.731           0.1636          0.0444     0         0.725       0.0336      0.2168     0         0           0.207
