#Array_Size  Lua_Local  SGX_Local_E2E  SGX_Local_INIT  SGX_LOCAL_EXEC  LUA_R_E2E  LUA_R_NW  LUA_R_INIT  LUA_R_EXEC  SGX_R_E2E  SGX_R_NW  SGX_R_INIT  SGX_R_EXEC
1024         0.0674     1.0414         0.7368          0.3216          0.0776     0         0.732       0.0674      0.2804     0         0           0.2704
2048         0.0668     1.0306         0.7262          0.321           0.0768     0         0.728       0.0668      0.279      0         0           0.2686
4096         0.0668     1.0256         0.7272          0.3144          0.077      0         0.73        0.0668      0.2788     0         0           0.268
8192         0.0704     1.036          0.7364          0.3156          0.08       0         0.727       0.0704      0.274      0         0           0.264
16384        0.0676     1.0242         0.724           0.3158          0.0772     0         0.725       0.0676      0.2754     0         0           0.2644
32768        0.07       1.0298         0.7272          0.3188          0.0802     0         0.726       0.07        0.275      0         0           0.2644
65536        0.0716     1.0316         0.7248          0.3234          0.0816     0         0.727       0.0716      0.2808     0         0           0.2708
131072       0.074      1.0364         0.7238          0.3294          0.0844     0         0.726       0.074       0.2802     0         0           0.2702
262144       0.0742     1.0566         0.7244          0.349           0.085      0         0.726       0.0742      0.2848     0         0           0.2752
524288       0.0884     1.1134         0.7316          0.3972          0.0988     0         0.728       0.0884      0.3188     0         0           0.3088
1048576      0.1296     1.2686         0.7406          0.5456          0.14       0         0.727       0.1296      0.4316     0         0           0.4214
2097152      0.194      1.4596         0.7312          0.749           0.2046     0         0.731       0.194       0.5782     0         0           0.5682
4194304      0.258      1.7624         0.7414          1.0414          0.2684     0         0.731       0.258       1.0052     0         0           0.9952
