#Print_NUM  Lua_Local  SGX_Local_E2E  SGX_Local_INIT  SGX_LOCAL_EXEC  LUA_R_E2E  LUA_R_NW  LUA_R_INIT  LUA_R_EXEC  SGX_R_E2E  SGX_R_NW  SGX_R_INIT  SGX_R_EXEC
10K         0.0268     0.8804         0.7412          0.1504          0.028      0         0.763       0.0268      0.0354     0         0           0.0336
100K        0.1588     1.7646         0.7428          1.034           0.1618     0.0002    0.731       0.1588      0.3178     0.0002    0           0.3088
200K        0.3044     2.7372         0.7408          2.0088          0.308      0.0004    0.735       0.3044      0.6286     0.0038    0           0.618
300K        0.4384     3.7252         0.7502          2.9868          0.4422     0.0004    0.774       0.4384      0.9392     0.0042    0           0.9298
400K        0.5874     4.6876         0.7416          3.9614          0.5918     0.0006    0.791       0.5874      1.2474     0.0056    0           1.2352
500K        0.7444     5.6906         0.7448          4.9576          0.7484     0.0042    0.73        0.7444      1.5612     0.0072    0           1.5446
600K        0.879      6.633          0.7314          5.9144          0.8832     0.0038    0.757       0.879       1.8584     0.0072    0           1.844
700K        1.0354     7.6102         0.7356          6.887           1.04       0.0062    0.735       1.0354      2.164      0.0088    0           2.1492
800K        1.1676     8.595          0.7268          7.8804          1.172      0.0054    0.726       1.1676      2.4672     0.0124    0           2.4498
900K        1.3312     9.6006         0.7308          8.882           1.3358     0.0048    0.729       1.3312      2.809      0.0118    0           2.7794
1M          1.47       10.528         0.7272          9.8128          1.4738     0.0074    0.735       1.47        3.1244     0.0146    0           3.0996
