#Array_Size  Lua_Local  SGX_Local_E2E  SGX_Local_INIT  SGX_LOCAL_EXEC  LUA_R_E2E  LUA_R_NW  LUA_R_INIT  LUA_R_EXEC  SGX_R_E2E  SGX_R_NW  SGX_R_INIT  SGX_R_EXEC
1K           0.0668     1.0222         0.7244          0.3126          0.0774     0         0.789       0.0668      0.2742     0         0           0.263
2K           0.0662     1.0588         0.7594          0.316           0.0756     0         0.725       0.0662      0.2716     0         0           0.2618
4K           0.0662     1.0218         0.7242          0.3142          0.0766     0         0.785       0.0662      0.2804     0         0           0.2696
8K           0.066      1.0336         0.735           0.3156          0.0758     0         0.725       0.066       0.2746     0         0           0.2644
16K          0.0664     1.0274         0.7268          0.317           0.0762     0         0.75        0.0664      0.2738     0         0           0.2644
32K          0.0688     1.056          0.7492          0.3226          0.079      0         0.731       0.0688      0.2776     0         0           0.2678
64K          0.07       1.038          0.7286          0.3258          0.0802     0         0.729       0.07        0.2818     0         0           0.2718
128K         0.0716     1.0464         0.7286          0.3338          0.0816     0         0.729       0.0716      0.2874     0         0           0.2768
256K         0.0736     1.0696         0.7348          0.3514          0.0838     0         0.723       0.0736      0.2886     0         0           0.2786
512K         0.0864     1.1212         0.739           0.3992          0.0968     0         0.729       0.0864      0.3216     0         0           0.3116
1M           0.1316     1.2508         0.728           0.5404          0.1418     0         0.729       0.1316      0.4282     0         0           0.4184
2M           0.198      1.4516         0.7312          0.7412          0.2084     0         0.731       0.198       0.5766     0         0           0.5666
4M           0.2616     1.7438         0.7316          1.0328          0.2726     0         0.737       0.2616      0.9842     0         0           0.974
