#Bench    Lua_Local  SGX_Local_E2E  SGX_Local_INIT  SGX_LOCAL_EXEC  LUA_R_E2E  LUA_R_NW  LUA_R_INIT  LUA_R_EXEC  SGX_R_E2E  SGX_R_NW  SGX_R_INIT  SGX_R_EXEC
blake2b   0.3962     1.3292         0.7586          0.5238          0.4714     0         0.732       0.3962      0.556      0         0           0.4788
chacha20  0.4084     1.3242         0.7624          0.5152          0.4838     0         0.799       0.4084      0.5382     0         0           0.4608
checksum  0.1182     0.9744         0.7604          0.1628          0.2004     0         0.757       0.1182      0.2338     0         0           0.1358
md5       0.1716     1.04           0.7574          0.226           0.2644     0         0.73        0.1716      0.2972     0         0           0.1998
norx      0.2566     1.174          0.7546          0.3698          0.3518     0.0074    0.79        0.2566      0.3222     0         0           0.229
norx32    0.4462     1.4334         0.74            0.6488          0.525      0.0068    0.759       0.4462      0.5322     0         0           0.4518
rabbit    0.291      1.1446         0.7276          0.3672          0.3782     0.0078    0.735       0.291       0.352      0         0           0.2678
rc4       0.3906     1.3334         0.735           0.5504          0.478      0.0068    0.728       0.3906      0.5028     0         0           0.4226
salsa20   0.453      1.351          0.7512          0.5508          0.5296     0.0048    0.737       0.453       0.5472     0         0           0.469
sha256    0.3558     1.278          0.7428          0.4844          0.4364     0         0.731       0.3558      0.5442     0         0           0.465
sha512    0.272      1.156          0.7452          0.3604          0.3536     0         0.733       0.272       0.4218     0         0           0.3326
xtea      0.554      1.4942         0.763           0.6864          0.6308     0.0074    0.734       0.554       0.643      0         0           0.5626
