#Print_NUM  Lua_Local  SGX_Local_E2E  SGX_Local_INIT  SGX_LOCAL_EXEC  LUA_R_E2E  LUA_R_NW  LUA_R_INIT  LUA_R_EXEC  SGX_R_E2E  SGX_R_NW  SGX_R_INIT  SGX_R_EXEC
64          0.196      6.877          1.084           5.819           0.196      0         0           0.196       6.852      0         0           6.851
128         0.105      3.978          1.01            2.994           0.105      0         0           0.105       3.49       0         0           3.49
256         0.066      2.67           1.088           1.61            0.066      0         0           0.066       1.967      0         0           1.967
512         0.047      1.935          1.089           0.874           0.047      0         0           0.047       1.093      0         0           1.093
1024        0.045      1.577          1.113           0.492           0.045      0         0           0.045       0.704      0         0           0.704
2048        0.039      1.334          1.078           0.284           0.039      0         0           0.039       0.459      0         0           0.459
4096        0.034      1.239          1.062           0.214           0.034      0         0           0.034       0.34       0         0           0.339
8192        0.032      1.206          1.098           0.136           0.032      0         0           0.032       0.278      0         0           0.278
16384       0.031      1.208          1.121           0.114           0.031      0         0           0.031       0.251      0         0           0.251
32768       0.028      1.373          1.296           0.108           0.028      0         0           0.028       0.241      0         0           0.241
65536       0.023      1.19           1.124           0.096           0.023      0         0           0.023       0.261      0         0           0.261
131072      0.023      1.17           1.11            0.088           0.023      0         0           0.023       0.218      0         0           0.218
262144      0.024      1.205          1.141           0.098           0.024      0         0           0.024       0.229      0         0           0.229
524288      0.02       1.157          1.089           0.096           0.02       0         0           0.02        0.264      0         0           0.264
1048576     0.024      1.185          1.092           0.12            0.024      0         0           0.024       0.261      0         0           0.261
2097152     0.025      1.27           1.151           0.146           0.025      0         0           0.025       0.296      0         0           0.296
4194304     0.026      1.322          1.133           0.223           0.026      0         0           0.026       0.415      0         0           0.415
