#Print_NUM  Lua_Local  SGX_Local_E2E  SGX_Local_INIT  SGX_LOCAL_EXEC  LUA_R_E2E  LUA_R_NW  LUA_R_INIT  LUA_R_EXEC  SGX_R_E2E  SGX_R_NW  SGX_R_INIT  SGX_R_EXEC
10000       0.011      1.094          1.022           0.1             0.012      0         0           0.011       0.045      0         0           0.003
100000      0.023      1.476          1.029           0.476           0.023      0         0           0.023       0.06       0         0           0.014
200000      0.054      1.893          1.048           0.875           0.054      0         0           0.054       0.076      0         0           0.029
300000      0.063      2.232          1.027           1.233           0.063      0         0           0.063       0.087      0         0           0.045
400000      0.059      2.656          1.017           1.668           0.059      0         0           0.059       0.089      0         0           0.046
500000      0.083      3.119          1.045           2.106           0.083      0         0           0.083       0.112      0         0           0.071
600000      0.087      3.701          1.056           2.675           0.087      0         0           0.087       0.131      0         0           0.083
700000      0.162      4.395          1.234           3.191           0.163      0         0           0.162       0.153      0         0           0.109
800000      0.138      4.77           1.135           3.666           0.138      0         0           0.138       0.17       0         0           0.128
900000      0.137      4.834          1.048           3.816           0.137      0         0           0.137       0.18       0         0           0.137
1000000     0.145      5.311          1.052           4.289           0.145      0         0           0.145       0.194      0         0           0.146
