#Array_Size  Lua_Local  SGX_Local_E2E  SGX_Local_INIT  SGX_LOCAL_EXEC  LUA_R_E2E  LUA_R_NW  LUA_R_INIT  LUA_R_EXEC  SGX_R_E2E  SGX_R_NW  SGX_R_INIT  SGX_R_EXEC
1024         0.092      1.328          1               0.356           0.092      0         0           0.092       0.326      0         0           0.283
2048         0.096      1.254          0.939           0.341           0.097      0         0           0.096       0.336      0         0           0.291
4096         0.095      1.258          0.937           0.347           0.095      0         0           0.095       0.331      0         0           0.29
8192         0.099      1.291          0.962           0.363           0.099      0         0           0.099       0.338      0         0           0.292
16384        0.099      1.339          1.002           0.366           0.099      0         0           0.099       0.342      0         0           0.296
32768        0.103      1.28           0.956           0.35            0.103      0         0           0.103       0.335      0         0           0.294
65536        0.105      1.318          0.978           0.369           0.105      0         0           0.105       0.352      0         0           0.31
131072       0.111      1.337          0.975           0.39            0.111      0         0           0.111       0.366      0         0           0.323
262144       0.116      1.404          0.985           0.446           0.117      0         0           0.116       0.397      0         0           0.354
524288       0.161      1.436          0.948           0.512           0.161      0         0           0.161       0.507      0         0           0.463
1048576      0.195      1.67           0.992           0.701           0.195      0         0           0.195       0.703      0         0           0.659
2097152      0.249      1.882          0.988           0.919           0.249      0         0           0.249       0.904      0         0           0.861
4194304      0.316      2.211          0.929           1.306           0.316      0         0           0.316       1.325      0         0           1.282
