#Array_Size  Lua_Local  SGX_Local_E2E  SGX_Local_INIT  SGX_LOCAL_EXEC  LUA_R_E2E  LUA_R_NW  LUA_R_INIT  LUA_R_EXEC  SGX_R_E2E  SGX_R_NW  SGX_R_INIT  SGX_R_EXEC
1024         0.091      1.281          0.95            0.365           0.091      0         0           0.091       0.324      0         0           0.28
2048         0.093      1.288          0.96            0.355           0.094      0         0           0.093       0.333      0         0           0.289
4096         0.101      1.285          0.964           0.346           0.101      0         0           0.101       0.35       0         0           0.308
8192         0.094      1.297          0.968           0.354           0.094      0         0           0.094       0.353      0         0           0.306
16384        0.103      1.35           1.009           0.37            0.103      0         0           0.103       0.345      0         0           0.301
32768        0.111      1.363          1.022           0.369           0.111      0         0           0.111       0.349      0         0           0.309
65536        0.109      1.305          0.969           0.361           0.109      0         0           0.109       0.362      0         0           0.319
131072       0.108      1.336          0.964           0.399           0.108      0         0           0.108       0.358      0         0           0.315
262144       0.119      1.348          0.954           0.42            0.119      0         0           0.119       0.424      0         0           0.38
524288       0.136      1.523          0.974           0.583           0.137      0         0           0.136       0.495      0         0           0.453
1048576      0.19       1.657          0.975           0.71            0.19       0         0           0.19        0.685      0         0           0.638
2097152      0.253      1.875          0.993           0.908           0.253      0         0           0.253       0.906      0         0           0.864
4194304      0.324      2.178          0.966           1.235           0.324      0         0           0.324       1.233      0         0           1.191
